0.000000000000000000e+00
1.000000000000000000e+00
1.200000000000000000e+01
4.000000000000000000e+01
4.100000000000000000e+01
2.190000000000000000e+02
2.200000000000000000e+02
2.280000000000000000e+02
2.440000000000000000e+02
2.540000000000000000e+02
2.560000000000000000e+02
2.600000000000000000e+02
2.650000000000000000e+02
2.690000000000000000e+02
2.830000000000000000e+02
2.920000000000000000e+02
2.930000000000000000e+02
3.160000000000000000e+02
3.390000000000000000e+02
3.700000000000000000e+02
3.830000000000000000e+02
4.620000000000000000e+02
4.630000000000000000e+02
4.640000000000000000e+02
5.360000000000000000e+02
5.520000000000000000e+02
5.550000000000000000e+02
6.010000000000000000e+02
6.040000000000000000e+02
7.320000000000000000e+02
7.650000000000000000e+02
9.150000000000000000e+02
1.008000000000000000e+03
1.036000000000000000e+03
1.039000000000000000e+03
1.040000000000000000e+03
1.281000000000000000e+03
1.444000000000000000e+03
1.446000000000000000e+03
1.461000000000000000e+03
1.508000000000000000e+03
1.647000000000000000e+03
1.679000000000000000e+03
1.691000000000000000e+03
1.701000000000000000e+03
1.716000000000000000e+03
1.721000000000000000e+03
1.754000000000000000e+03
1.780000000000000000e+03
1.791000000000000000e+03
1.827000000000000000e+03
1.888000000000000000e+03
1.919000000000000000e+03
1.969000000000000000e+03
2.215000000000000000e+03
2.373000000000000000e+03
2.467000000000000000e+03
2.703000000000000000e+03
2.735000000000000000e+03
2.832000000000000000e+03
2.951000000000000000e+03
3.101000000000000000e+03
3.199000000000000000e+03
3.253000000000000000e+03
3.381000000000000000e+03
3.625000000000000000e+03
3.627000000000000000e+03
3.648000000000000000e+03
3.667000000000000000e+03
3.737000000000000000e+03
3.846000000000000000e+03
4.099000000000000000e+03
4.100000000000000000e+03
4.104000000000000000e+03
4.204000000000000000e+03
4.249000000000000000e+03
4.294000000000000000e+03
4.338000000000000000e+03
4.347000000000000000e+03
4.486000000000000000e+03
4.493000000000000000e+03
4.527000000000000000e+03
4.640000000000000000e+03
4.752000000000000000e+03
4.753000000000000000e+03
4.819000000000000000e+03
4.890000000000000000e+03
4.893000000000000000e+03
4.998000000000000000e+03
5.030000000000000000e+03
5.031000000000000000e+03
5.079000000000000000e+03
5.165000000000000000e+03
5.231000000000000000e+03
5.310000000000000000e+03
5.430000000000000000e+03
5.459000000000000000e+03
5.460000000000000000e+03
5.840000000000000000e+03
5.865000000000000000e+03
5.956000000000000000e+03
6.131000000000000000e+03
6.289000000000000000e+03
6.290000000000000000e+03
6.409000000000000000e+03
6.415000000000000000e+03
6.417000000000000000e+03
6.434000000000000000e+03
6.486000000000000000e+03
6.502000000000000000e+03
6.539000000000000000e+03
6.577000000000000000e+03
6.623000000000000000e+03
6.733000000000000000e+03
6.803000000000000000e+03
6.814000000000000000e+03
6.837000000000000000e+03
6.841000000000000000e+03
6.856000000000000000e+03
6.912000000000000000e+03
