AGAKAC
2.800000000000000000e+01
4.800000000000000000e+01
6.400000000000000000e+01
1.050000000000000000e+02
1.280000000000000000e+02
1.530000000000000000e+02
2.040000000000000000e+02
2.410000000000000000e+02
2.810000000000000000e+02
3.180000000000000000e+02
3.360000000000000000e+02
3.380000000000000000e+02
3.780000000000000000e+02
4.240000000000000000e+02
4.330000000000000000e+02
4.420000000000000000e+02
4.510000000000000000e+02
4.530000000000000000e+02
4.720000000000000000e+02
4.750000000000000000e+02
4.930000000000000000e+02
