1.915376619659878848e-02
1.915376619659878848e-02
1.915376619659878848e-02
1.915376619659878848e-02
1.915376619659878848e-02
1.910162027025565090e-02
1.915376619659878848e-02
1.915376619659878848e-02
9.265372396263932275e-01
1.693580267108640500e-02
1.915376619659878848e-02
1.915376619659878848e-02
1.915376619659878848e-02
1.915376619659878848e-02
1.915376619659878848e-02
1.915376619659878848e-02
1.915376619659878848e-02
1.915376619659878848e-02
1.759368527989284628e-02
1.915376619659878848e-02
1.915376619659878848e-02
1.915376619659878848e-02
8.729067449532212919e-01
1.915376619659878848e-02
1.915376619659878848e-02
9.237342086836776156e-01
1.915376619659878848e-02
9.858805031734595437e-01
4.100852691789337590e-02
1.915376619659878848e-02
1.915376619659878848e-02
1.915376619659878848e-02
1.915376619659878848e-02
1.915376619659878848e-02
1.915376619659878848e-02
5.135530975380967478e-01
1.915376619659878848e-02
1.915376619659878848e-02
1.915376619659878848e-02
1.915376619659878848e-02
1.915376619659878848e-02
1.915376619659878848e-02
1.915376619659878848e-02
1.915376619659878848e-02
1.915376619659878848e-02
1.915376619659878848e-02
1.915376619659878848e-02
1.915376619659878848e-02
1.915376619659878848e-02
1.915376619659878848e-02
1.915376619659878848e-02
1.915376619659878848e-02
1.915376619659878848e-02
1.883459791679949549e-02
1.915376619659878848e-02
1.915376619659878848e-02
1.915376619659878848e-02
1.915376619659878848e-02
1.915376619659878848e-02
1.915376619659878848e-02
9.576021019746553398e-01
1.915376619659878848e-02
1.915376619659878848e-02
1.915376619659878848e-02
1.915376619659878848e-02
1.915376619659878848e-02
1.915376619659878848e-02
1.915376619659878848e-02
1.937401312415976823e-02
1.915376619659878848e-02
9.599233968084319724e-01
1.881270728781851004e-02
1.921282953485749928e-02
1.915376619659878848e-02
9.726005608206654829e-01
1.825032618615089405e-02
1.915376619659878848e-02
1.915376619659878848e-02
1.856109611119699868e-02
9.581916149366367375e-01
1.915376619659878848e-02
1.915376619659878848e-02
1.915376619659878848e-02
1.256267353572363896e-02
1.915376619659878848e-02
9.724978109152532246e-01
1.915376619659878848e-02
1.915376619659878848e-02
1.915376619659878848e-02
1.915376619659878848e-02
1.808596277384388537e-02
9.566060606633443042e-01
1.915376619659878848e-02
1.915376619659878848e-02
1.915376619659878848e-02
1.915376619659878848e-02
1.915376619659878848e-02
1.940359978087700249e-02
9.726258218205635631e-01
1.915376619659878848e-02
1.915376619659878848e-02
1.915376619659878848e-02
1.915376619659878848e-02
1.915376619659878848e-02
9.726242209019339002e-01
5.894883360732665611e-01
1.915376619659878848e-02
1.915376619659878848e-02
9.586094720078884857e-01
1.915376619659878848e-02
1.915376619659878848e-02
1.064333418555059654e-02
1.915376619659878848e-02
1.915376619659878848e-02
1.915376619659878848e-02
1.915376619659878848e-02
1.915376619659878848e-02
9.456506086607986417e-01
1.280888545821320251e-02
9.724978109152532246e-01
1.915376619659878848e-02
1.915376619659878848e-02
1.915376619659878848e-02
1.915376619659878848e-02
1.915376619659878848e-02
1.915376619659878848e-02
1.915376619659878848e-02
1.915376619659878848e-02
9.517940252820614733e-01
1.915376619659878848e-02
1.915376619659878848e-02
1.915376619659878848e-02
1.915376619659878848e-02
1.915376619659878848e-02
1.915376619659878848e-02
1.915376619659878848e-02
1.938100829550498325e-02
1.910922210554281964e-02
1.915376619659878848e-02
1.915376619659878848e-02
1.488278132724762427e-02
1.915376619659878848e-02
1.915376619659878848e-02
1.915376619659878848e-02
1.915376619659878848e-02
1.915376619659878848e-02
1.915376619659878848e-02
1.915376619659878848e-02
1.915376619659878848e-02
1.915376619659878848e-02
9.561482025779277638e-01
9.559605291391211068e-01
9.725995555618591748e-01
1.915376619659878848e-02
1.915376619659878848e-02
1.915376619659878848e-02
9.555536667187519706e-01
1.915376619659878848e-02
1.891008537524081073e-02
1.915376619659878848e-02
1.915376619659878848e-02
1.915376619659878848e-02
1.915376619659878848e-02
1.915376619659878848e-02
1.915376619659878848e-02
1.915376619659878848e-02
1.915376619659878848e-02
9.558797140045408591e-01
1.915376619659878848e-02
1.915376619659878848e-02
1.912900208732484092e-02
1.915376619659878848e-02
1.915376619659878848e-02
1.915376619659878848e-02
1.915376619659878848e-02
1.915376619659878848e-02
1.915376619659878848e-02
3.490794628840028224e-01
1.778161675484092596e-02
9.726216823881598250e-01
1.915376619659878848e-02
1.915376619659878848e-02
1.915376619659878848e-02
1.915376619659878848e-02
9.632262735322716374e-01
1.915376619659878848e-02
1.675625766746622128e-02
1.581113786628579251e-02
1.915376619659878848e-02
1.915376619659878848e-02
1.915376619659878848e-02
9.576703293296331410e-01
1.862294837895313304e-02
1.915376619659878848e-02
9.037587487979114043e-01
1.915376619659878848e-02
1.915376619659878848e-02
1.579524354260114852e-02
1.030218339178029519e-02
1.915376619659878848e-02
1.248585848502931084e-02
1.915376619659878848e-02
1.822243071278240728e-02
9.684289798224703372e-01
1.915376619659878848e-02
1.915376619659878848e-02
1.915376619659878848e-02
1.915376619659878848e-02
6.971801143983302751e-01
1.915376619659878848e-02
1.915376619659878848e-02
1.915376619659878848e-02
1.915376619659878848e-02
1.915376619659878848e-02
1.915376619659878848e-02
9.726118136323185226e-01
9.556243428984853017e-01
1.915376619659878848e-02
1.915376619659878848e-02
1.915376619659878848e-02
1.915376619659878848e-02
1.915376619659878848e-02
1.915376619659878848e-02
1.915376619659878848e-02
1.908574428480249233e-02
9.726240308297041670e-01
9.721158572076586957e-01
1.915376619659878848e-02
2.122857425582041352e-02
1.915376619659878848e-02
1.915376619659878848e-02
1.915376619659878848e-02
1.915376619659878848e-02
1.915376619659878848e-02
1.915376619659878848e-02
1.915376619659878848e-02
1.915376619659878848e-02
9.726129119911243182e-01
9.263428691433365225e-01
1.915376619659878848e-02
1.922286744448789900e-02
9.555988491764496606e-01
1.915376619659878848e-02
9.556056489355966299e-01
1.915376619659878848e-02
1.915376619659878848e-02
1.915376619659878848e-02
1.938376784178482207e-02
1.915376619659878848e-02
1.915376619659878848e-02
1.915376619659878848e-02
9.726216823881598250e-01
1.915376619659878848e-02
1.937650964173953660e-02
1.915376619659878848e-02
9.556242631304409096e-01
1.915376619659878848e-02
1.868365521360774648e-02
1.915376619659878848e-02
1.915376619659878848e-02
1.915376619659878848e-02
1.915376619659878848e-02
1.887590522140213806e-02
1.915376619659878848e-02
1.915376619659878848e-02
1.915376619659878848e-02
9.555941623385068029e-01
1.915376619659878848e-02
1.915376619659878848e-02
1.915376619659878848e-02
9.680113023100903602e-01
9.726231457642000588e-01
1.915376619659878848e-02
1.915376619659878848e-02
1.915376619659878848e-02
1.440094142982796185e-02
1.915376619659878848e-02
1.915376619659878848e-02
1.915376619659878848e-02
1.915376619659878848e-02
1.915376619659878848e-02
1.915376619659878848e-02
1.915376619659878848e-02
1.915376619659878848e-02
9.582445998631968775e-01
1.915376619659878848e-02
1.915376619659878848e-02
9.454509619317423841e-01
1.915376619659878848e-02
1.915376619659878848e-02
1.916735105720209636e-02
1.915376619659878848e-02
9.713879417968566132e-01
1.915376619659878848e-02
1.915376619659878848e-02
1.781971604236244969e-02
1.915376619659878848e-02
1.915376619659878848e-02
1.915376619659878848e-02
1.803864601541661436e-02
1.915376619659878848e-02
1.915376619659878848e-02
1.915376619659878848e-02
1.915376619659878848e-02
1.917450060972452838e-02
1.915376619659878848e-02
1.915376619659878848e-02
1.915376619659878848e-02
1.898100057067185834e-02
9.726605908044820836e-01
1.915376619659878848e-02
1.915376619659878848e-02
1.915376619659878848e-02
1.678216896143471318e-02
1.915376619659878848e-02
1.431499522267054916e-02
1.915376619659878848e-02
1.840083905443969797e-02
1.526399412574465375e-02
1.915376619659878848e-02
1.915376619659878848e-02
1.915376619659878848e-02
1.915376619659878848e-02
1.915376619659878848e-02
1.915376619659878848e-02
6.237865614985379364e-02
1.815387770393038849e-02
1.915376619659878848e-02
1.915376619659878848e-02
1.915376619659878848e-02
1.915376619659878848e-02
1.915376619659878848e-02
1.915376619659878848e-02
1.915376619659878848e-02
1.915376619659878848e-02
1.915376619659878848e-02
9.725685485353838811e-01
1.915376619659878848e-02
1.915376619659878848e-02
1.915376619659878848e-02
1.915376619659878848e-02
1.915376619659878848e-02
9.586334189591031452e-01
1.915376619659878848e-02
1.915376619659878848e-02
1.915376619659878848e-02
1.915376619659878848e-02
1.915376619659878848e-02
1.915376619659878848e-02
1.915376619659878848e-02
1.915376619659878848e-02
1.915376619659878848e-02
9.726406197064522141e-01
1.915376619659878848e-02
9.525295548315232397e-01
1.915376619659878848e-02
1.915376619659878848e-02
1.915376619659878848e-02
1.915376619659878848e-02
1.915376619659878848e-02
9.550611012691992974e-01
1.915376619659878848e-02
9.724443569223366612e-01
1.915376619659878848e-02
9.539180822390698200e-01
9.532594171126718141e-01
1.915376619659878848e-02
1.176559994820680355e-01
1.915376619659878848e-02
1.915376619659878848e-02
1.915376619659878848e-02
1.915376619659878848e-02
1.915376619659878848e-02
1.915376619659878848e-02
1.915376619659878848e-02
1.915376619659878848e-02
1.915376619659878848e-02
1.915376619659878848e-02
1.915376619659878848e-02
1.915376619659878848e-02
1.915376619659878848e-02
1.915376619659878848e-02
1.915376619659878848e-02
1.915376619659878848e-02
1.915376619659878848e-02
1.915376619659878848e-02
9.726704216425337002e-01
1.915376619659878848e-02
9.715528682080606382e-01
1.915376619659878848e-02
1.915376619659878848e-02
1.915376619659878848e-02
1.915376619659878848e-02
2.529623355914071420e-02
1.915376619659878848e-02
1.915376619659878848e-02
1.915376619659878848e-02
1.915376619659878848e-02
1.915376619659878848e-02
1.902491636724345028e-02
1.915376619659878848e-02
1.915376619659878848e-02
1.915376619659878848e-02
1.915376619659878848e-02
1.915376619659878848e-02
1.915376619659878848e-02
1.915376619659878848e-02
9.726390506708528783e-01
1.915376619659878848e-02
1.915376619659878848e-02
1.915376619659878848e-02
1.915376619659878848e-02
1.915376619659878848e-02
1.915376619659878848e-02
1.915376619659878848e-02
1.915376619659878848e-02
1.915376619659878848e-02
1.915376619659878848e-02
1.915376619659878848e-02
1.915376619659878848e-02
1.915376619659878848e-02
1.915376619659878848e-02
1.915376619659878848e-02
1.915376619659878848e-02
1.915376619659878848e-02
1.915376619659878848e-02
1.915376619659878848e-02
9.723669114085330412e-01
1.915376619659878848e-02
1.915376619659878848e-02
1.915376619659878848e-02
1.915376619659878848e-02
1.915376619659878848e-02
1.915376619659878848e-02
1.915376619659878848e-02
1.915376619659878848e-02
1.915376619659878848e-02
1.915376619659878848e-02
1.915376619659878848e-02
1.915376619659878848e-02
1.915376619659878848e-02
1.915376619659878848e-02
1.915376619659878848e-02
1.915376619659878848e-02
1.581113786628579251e-02
1.915376619659878848e-02
1.915376619659878848e-02
1.915376619659878848e-02
1.915376619659878848e-02
9.726506603412099494e-01
9.726720194556619514e-01
1.481622101449630788e-02
1.915376619659878848e-02
1.915376619659878848e-02
1.915376619659878848e-02
1.915376619659878848e-02
1.915376619659878848e-02
1.915376619659878848e-02
1.915376619659878848e-02
1.915376619659878848e-02
1.915376619659878848e-02
1.915376619659878848e-02
1.915376619659878848e-02
1.915376619659878848e-02
1.915376619659878848e-02
1.915376619659878848e-02
1.679388896284536928e-02
1.915376619659878848e-02
1.915376619659878848e-02
1.915376619659878848e-02
9.170049472016027492e-01
1.915376619659878848e-02
1.915376619659878848e-02
1.915376619659878848e-02
1.915376619659878848e-02
7.124079959347714430e-01
1.915376619659878848e-02
1.915376619659878848e-02
1.915376619659878848e-02
9.551724883619626683e-01
1.915376619659878848e-02
9.475739327248352550e-01
1.745016029483363248e-02
9.629949606549145225e-01
1.915376619659878848e-02
9.723253345130044023e-01
9.643760076663980829e-01
2.344458812820928578e-02
1.915376619659878848e-02
9.726470990023318164e-01
1.915376619659878848e-02
1.915376619659878848e-02
9.662355077012443338e-01
1.915376619659878848e-02
1.915376619659878848e-02
1.915376619659878848e-02
1.915376619659878848e-02
1.915376619659878848e-02
1.915376619659878848e-02
1.915376619659878848e-02
1.915376619659878848e-02
1.915376619659878848e-02
1.915376619659878848e-02
7.157023130710624681e-01
1.915376619659878848e-02
1.915376619659878848e-02
1.915376619659878848e-02
1.915376619659878848e-02
1.915376619659878848e-02
1.915376619659878848e-02
1.915376619659878848e-02
1.915376619659878848e-02
1.907562365546401628e-02
1.898569391900984532e-02
1.832135176463516729e-02
9.726246988012741124e-01
1.682961042626456710e-02
9.726558500479458580e-01
1.915376619659878848e-02
1.915376619659878848e-02
1.915376619659878848e-02
1.915376619659878848e-02
1.915376619659878848e-02
1.915376619659878848e-02
1.915376619659878848e-02
1.915376619659878848e-02
9.683883091286801248e-01
1.915376619659878848e-02
9.726720194556619514e-01
1.915376619659878848e-02
1.915376619659878848e-02
1.915376619659878848e-02
1.915376619659878848e-02
1.915376619659878848e-02
1.915376619659878848e-02
1.901653679025119489e-02
9.726622860241065371e-01
1.915376619659878848e-02
7.171457393173158446e-01
1.915376619659878848e-02
1.828315044821704483e-02
1.915376619659878848e-02
1.915376619659878848e-02
1.915376619659878848e-02
1.915376619659878848e-02
1.915376619659878848e-02
1.915376619659878848e-02
1.915376619659878848e-02
1.034708947101239604e-02
1.915376619659878848e-02
9.602569374722309536e-01
1.915376619659878848e-02
1.915376619659878848e-02
1.915376619659878848e-02
1.915376619659878848e-02
1.915376619659878848e-02
1.915376619659878848e-02
1.915376619659878848e-02
1.915376619659878848e-02
1.915376619659878848e-02
1.016141586500432341e-02
1.915376619659878848e-02
1.915376619659878848e-02
1.617924769563121312e-02
1.915376619659878848e-02
1.915376619659878848e-02
1.915376619659878848e-02
1.915376619659878848e-02
1.915376619659878848e-02
1.915376619659878848e-02
2.068987114934953825e-02
9.703532155391627612e-01
1.915376619659878848e-02
9.555536667187519706e-01
1.915376619659878848e-02
1.915376619659878848e-02
9.386377473230482771e-01
1.915376619659878848e-02
1.788241254488589019e-02
1.915376619659878848e-02
1.895024051281712224e-02
1.330289511310476548e-02
1.915376619659878848e-02
1.915376619659878848e-02
1.915376619659878848e-02
1.915376619659878848e-02
9.726573585258421195e-01
1.915376619659878848e-02
1.915376619659878848e-02
9.609939723484737240e-01
1.915376619659878848e-02
1.915376619659878848e-02
1.915376619659878848e-02
1.915376619659878848e-02
1.577412260118191481e-02
1.915376619659878848e-02
1.915376619659878848e-02
2.008182929983947651e-01
1.915376619659878848e-02
1.915376619659878848e-02
1.915376619659878848e-02
1.029582433377599325e-02
1.393806082513776579e-01
8.928227462156171912e-01
1.915376619659878848e-02
1.915376619659878848e-02
1.915376619659878848e-02
1.915376619659878848e-02
1.915376619659878848e-02
1.915376619659878848e-02
1.915376619659878848e-02
1.915376619659878848e-02
1.915376619659878848e-02
1.915376619659878848e-02
1.915376619659878848e-02
1.915376619659878848e-02
1.915376619659878848e-02
1.915376619659878848e-02
1.915376619659878848e-02
9.549058855708753013e-01
1.915376619659878848e-02
1.915376619659878848e-02
1.915376619659878848e-02
1.915376619659878848e-02
1.915376619659878848e-02
1.915376619659878848e-02
8.729067449532212919e-01
1.915376619659878848e-02
1.915376619659878848e-02
1.915376619659878848e-02
1.915376619659878848e-02
1.915376619659878848e-02
1.915376619659878848e-02
1.915376619659878848e-02
1.915376619659878848e-02
1.915376619659878848e-02
1.938159592133262971e-02
1.001532184561262050e-02
9.726076855066816407e-01
1.915376619659878848e-02
9.727364662855896293e-01
2.322340866943821414e-02
9.556557455284035996e-01
1.915376619659878848e-02
9.676312961855334516e-01
1.915376619659878848e-02
1.915376619659878848e-02
1.915376619659878848e-02
1.915376619659878848e-02
1.915376619659878848e-02
9.726402644202400971e-01
1.915376619659878848e-02
1.935272270639694370e-02
1.915376619659878848e-02
1.915376619659878848e-02
1.915376619659878848e-02
1.915376619659878848e-02
1.742430529115670743e-02
7.084069090058412455e-01
1.915376619659878848e-02
1.915376619659878848e-02
1.915376619659878848e-02
9.246762922815365826e-01
1.915376619659878848e-02
1.841860368020422495e-02
1.915376619659878848e-02
1.915376619659878848e-02
1.910584645326440789e-02
1.915376619659878848e-02
1.915376619659878848e-02
9.625551030752421688e-01
1.915376619659878848e-02
1.915376619659878848e-02
1.579524354260114852e-02
1.915376619659878848e-02
1.915376619659878848e-02
1.915376619659878848e-02
9.711448684952926902e-01
1.915376619659878848e-02
1.915376619659878848e-02
1.915376619659878848e-02
1.915376619659878848e-02
1.915376619659878848e-02
1.915376619659878848e-02
9.687021721536027696e-01
1.915376619659878848e-02
1.915376619659878848e-02
1.915376619659878848e-02
1.915376619659878848e-02
1.915376619659878848e-02
1.915376619659878848e-02
1.915376619659878848e-02
1.915376619659878848e-02
1.579524354260114852e-02
1.915376619659878848e-02
1.915376619659878848e-02
1.915376619659878848e-02
1.915376619659878848e-02
1.885099034040748842e-02
1.915376619659878848e-02
9.542858496704277327e-01
1.915376619659878848e-02
9.587227517234164775e-01
1.915376619659878848e-02
1.915376619659878848e-02
1.915376619659878848e-02
1.915376619659878848e-02
1.915376619659878848e-02
1.915376619659878848e-02
1.915376619659878848e-02
9.725039357190015110e-01
1.915376619659878848e-02
1.915376619659878848e-02
1.915376619659878848e-02
1.915376619659878848e-02
1.915376619659878848e-02
1.915376619659878848e-02
1.915376619659878848e-02
9.584623924930807393e-01
1.915376619659878848e-02
1.915376619659878848e-02
1.915376619659878848e-02
4.447080514972458487e-01
1.915376619659878848e-02
1.915376619659878848e-02
1.915376619659878848e-02
1.915376619659878848e-02
1.915376619659878848e-02
1.546752853051820524e-02
1.915376619659878848e-02
1.915376619659878848e-02
1.915376619659878848e-02
1.915376619659878848e-02
9.555713043588676125e-01
9.589640828554041319e-01
1.944615428644376476e-02
1.915376619659878848e-02
1.915376619659878848e-02
1.915376619659878848e-02
1.915376619659878848e-02
1.915376619659878848e-02
9.725985982738929447e-01
9.557972827646716851e-01
9.726588128488110607e-01
1.915376619659878848e-02
1.915376619659878848e-02
1.915376619659878848e-02
1.915376619659878848e-02
1.915376619659878848e-02
9.916434695965356538e-03
1.915376619659878848e-02
1.915376619659878848e-02
1.915376619659878848e-02
1.915376619659878848e-02
9.558377197702456751e-01
1.915376619659878848e-02
1.915376619659878848e-02
1.915376619659878848e-02
9.649250461476890361e-01
1.915376619659878848e-02
1.915376619659878848e-02
9.717405773591666351e-01
1.915376619659878848e-02
1.915376619659878848e-02
1.755380832590306209e-02
1.915376619659878848e-02
1.674840345346894147e-02
1.915376619659878848e-02
1.915376619659878848e-02
1.915376619659878848e-02
1.915376619659878848e-02
1.915376619659878848e-02
1.915376619659878848e-02
1.915376619659878848e-02
1.915376619659878848e-02
1.915376619659878848e-02
1.915376619659878848e-02
1.915376619659878848e-02
1.940363041802519589e-02
1.915376619659878848e-02
1.915376619659878848e-02
1.915376619659878848e-02
1.579524354260114852e-02
1.915376619659878848e-02
1.915376619659878848e-02
1.915376619659878848e-02
1.915376619659878848e-02
1.915376619659878848e-02
1.915376619659878848e-02
1.915376619659878848e-02
1.915376619659878848e-02
1.915376619659878848e-02
1.915376619659878848e-02
9.793454912927790357e-01
1.915376619659878848e-02
1.915376619659878848e-02
9.687728695002679746e-01
1.915376619659878848e-02
1.915376619659878848e-02
1.915376619659878848e-02
1.915376619659878848e-02
1.915376619659878848e-02
1.915376619659878848e-02
9.726463080042492271e-01
9.555717752256641662e-01
1.915376619659878848e-02
1.915376619659878848e-02
1.915376619659878848e-02
1.915376619659878848e-02
9.624789766769928923e-01
1.915376619659878848e-02
1.915376619659878848e-02
1.915376619659878848e-02
1.915376619659878848e-02
9.480691972550563396e-01
1.915376619659878848e-02
1.915376619659878848e-02
4.718607099227006135e-02
1.915376619659878848e-02
1.915376619659878848e-02
1.915376619659878848e-02
1.915376619659878848e-02
9.726668687722191953e-01
8.224417102584863359e-01
1.915376619659878848e-02
1.887699637365564120e-02
1.915376619659878848e-02
1.915376619659878848e-02
1.915376619659878848e-02
1.915376619659878848e-02
1.915376619659878848e-02
1.915376619659878848e-02
1.915376619659878848e-02
1.915376619659878848e-02
1.915376619659878848e-02
1.915376619659878848e-02
1.915376619659878848e-02
1.915376619659878848e-02
1.915376619659878848e-02
1.915376619659878848e-02
1.915376619659878848e-02
1.915376619659878848e-02
1.915376619659878848e-02
1.915376619659878848e-02
1.915376619659878848e-02
1.915376619659878848e-02
9.726435192670118690e-01
1.915376619659878848e-02
9.555411625184853097e-01
1.915376619659878848e-02
1.915376619659878848e-02
1.493695530668372358e-02
1.915376619659878848e-02
1.915376619659878848e-02
1.915376619659878848e-02
1.026444740527882732e-02
1.915376619659878848e-02
1.796573789826099235e-02
1.915376619659878848e-02
1.937667349872478420e-02
1.915376619659878848e-02
2.960309539825776159e-01
1.915376619659878848e-02
1.915376619659878848e-02
1.915376619659878848e-02
1.936925199180317483e-02
1.915376619659878848e-02
1.915376619659878848e-02
1.684169172205324250e-02
1.915376619659878848e-02
1.915376619659878848e-02
1.915376619659878848e-02
1.915376619659878848e-02
1.915376619659878848e-02
1.915376619659878848e-02
1.915376619659878848e-02
1.915376619659878848e-02
1.915376619659878848e-02
1.913207696137265990e-02
1.781664477103321945e-02
1.915376619659878848e-02
9.563504086092200485e-01
1.915376619659878848e-02
1.915376619659878848e-02
1.845906949757205109e-02
9.559043185795417230e-01
1.915376619659878848e-02
1.915376619659878848e-02
1.915376619659878848e-02
9.726465739186127557e-01
1.915376619659878848e-02
1.915376619659878848e-02
1.915376619659878848e-02
1.915376619659878848e-02
1.915376619659878848e-02
9.574438492936994116e-01
1.915376619659878848e-02
1.915376619659878848e-02
1.915376619659878848e-02
1.915376619659878848e-02
1.915376619659878848e-02
1.915376619659878848e-02
1.925277644670433594e-02
1.915376619659878848e-02
1.915376619659878848e-02
1.915376619659878848e-02
1.915376619659878848e-02
9.616247968475736263e-01
1.915376619659878848e-02
1.915376619659878848e-02
9.592030036142527027e-01
1.915376619659878848e-02
1.915376619659878848e-02
1.915376619659878848e-02
1.915376619659878848e-02
1.915376619659878848e-02
1.915376619659878848e-02
1.915376619659878848e-02
1.915376619659878848e-02
1.915376619659878848e-02
1.915376619659878848e-02
9.107063826785983807e-01
1.915376619659878848e-02
1.915376619659878848e-02
1.915376619659878848e-02
1.915376619659878848e-02
1.855878893173380437e-02
1.915376619659878848e-02
1.915376619659878848e-02
1.915376619659878848e-02
9.575678250008710091e-01
1.915376619659878848e-02
1.915376619659878848e-02
1.915376619659878848e-02
1.915376619659878848e-02
1.915376619659878848e-02
9.726220358852338821e-01
9.556231626251181499e-01
1.905754597987140142e-02
1.843597200867324801e-02
9.555977778021998992e-01
1.915376619659878848e-02
1.915376619659878848e-02
1.915376619659878848e-02
9.557928003366620295e-01
1.915376619659878848e-02
1.915376619659878848e-02
1.915376619659878848e-02
1.915376619659878848e-02
1.915376619659878848e-02
1.915376619659878848e-02
1.915376619659878848e-02
1.915376619659878848e-02
9.591674219572163818e-01
2.030822395629558463e-02
1.907779335807518323e-02
1.915376619659878848e-02
1.915376619659878848e-02
1.885049772203485283e-02
1.915376619659878848e-02
3.510772166885672840e-02
1.915376619659878848e-02
1.915376619659878848e-02
1.793344123576274055e-02
1.915376619659878848e-02
9.532712505900623468e-01
1.915376619659878848e-02
1.915376619659878848e-02
5.247345479223786829e-02
1.915376619659878848e-02
1.915376619659878848e-02
1.915376619659878848e-02
1.915376619659878848e-02
1.915376619659878848e-02
9.707009666825762162e-01
9.461773144172976879e-01
1.915376619659878848e-02
1.915376619659878848e-02
1.915376619659878848e-02
9.533835275179480817e-01
1.915376619659878848e-02
1.915376619659878848e-02
1.915376619659878848e-02
1.915376619659878848e-02
9.723408026982646168e-01
1.915376619659878848e-02
1.915376619659878848e-02
9.726329667582103156e-01
1.915376619659878848e-02
1.915376619659878848e-02
1.915376619659878848e-02
1.915376619659878848e-02
1.915376619659878848e-02
1.915376619659878848e-02
9.600769743539243617e-01
1.915376619659878848e-02
1.915376619659878848e-02
1.915376619659878848e-02
1.915376619659878848e-02
1.915376619659878848e-02
